1,2,3,4,5
1,2,3,45
1,2,34,35
1,2,34,35,45
1,2,345
1,23,24,34,25
1,23,24,34,25,35
1,23,24,34,25,35,45
1,23,24,25
1,23,24,25,345
1,23,24,35
1,23,24,35,45
1,23,24,345
1,23,45
1,23,245
1,23,245,345
1,234,235
1,234,235,245
1,234,235,245,345
1,2345
12,13,23,14,24,34,15
12,13,23,14,24,34,15,25
12,13,23,14,24,34,15,25,35
12,13,23,14,24,34,15,25,35,45
12,13,23,14,24,15
12,13,23,14,24,15,25
12,13,23,14,24,15,25,345
12,13,23,14,24,15,35
12,13,23,14,24,15,35,45
12,13,23,14,24,15,345
12,13,23,14,24,35
12,13,23,14,24,35,45
12,13,23,14,24,345
12,13,23,14,15
12,13,23,14,15,45
12,13,23,14,15,245
12,13,23,14,15,245,345
12,13,23,14,25
12,13,23,14,25,45
12,13,23,14,25,345
12,13,23,14,45
12,13,23,14,245
12,13,23,14,245,345
12,13,23,45
12,13,23,145
12,13,23,145,245
12,13,23,145,245,345
12,13,14,234,15
12,13,14,234,15,235
12,13,14,234,15,235,245
12,13,14,234,15,235,245,345
12,13,14,234,25
12,13,14,234,25,35
12,13,14,234,25,35,45
12,13,14,234,25,345
12,13,14,234,235
12,13,14,234,235,245
12,13,14,234,235,245,345
12,13,14,15
12,13,14,15,2345
12,13,14,25
12,13,14,25,35
12,13,14,25,35,45
12,13,14,25,345
12,13,14,235
12,13,14,235,245
12,13,14,235,245,345
12,13,14,2345
12,13,24,34,235
12,13,24,34,235,145
12,13,24,35
12,13,24,35,45
12,13,24,35,145
12,13,24,235
12,13,24,235,145
12,13,24,235,145,345
12,13,24,235,345
12,13,24,345
12,13,234,235
12,13,234,235,45
12,13,234,235,145
12,13,234,235,145,245
12,13,234,235,145,245,345
12,13,234,235,245
12,13,234,235,245,345
12,13,234,45
12,13,234,145
12,13,234,145,245
12,13,234,145,245,345
12,13,234,245
12,13,234,245,345
12,13,45
12,13,145
12,13,145,245
12,13,145,245,345
12,13,145,2345
12,13,245
12,13,245,345
12,13,2345
12,34,135
12,34,135,235
12,34,135,235,145
12,34,135,235,145,245
12,34,135,245
12,134,234,135
12,134,234,135,235
12,134,234,135,235,145
12,134,234,135,235,145,245
12,134,234,135,235,145,245,345
12,134,234,135,235,145,345
12,134,234,135,235,345
12,134,234,135,145
12,134,234,135,145,345
12,134,234,135,245
12,134,234,135,245,345
12,134,234,135,345
12,134,234,345
12,134,135
12,134,135,145
12,134,135,145,345
12,134,135,145,2345
12,134,135,245
12,134,135,245,345
12,134,135,345
12,134,135,2345
12,134,235
12,134,235,345
12,134,345
12,134,2345
12,345
12,1345
12,1345,2345
123,124,134,234,125
123,124,134,234,125,135
123,124,134,234,125,135,235
123,124,134,234,125,135,235,145
123,124,134,234,125,135,235,145,245
123,124,134,234,125,135,235,145,245,345
123,124,134,234,125,135,145
123,124,134,234,125,135,245
123,124,134,234,125,135,245,345
123,124,134,234,125,345
123,124,134,125
123,124,134,125,135
123,124,134,125,135,145
123,124,134,125,135,145,2345
123,124,134,125,135,245
123,124,134,125,135,245,345
123,124,134,125,135,2345
123,124,134,125,235
123,124,134,125,235,345
123,124,134,125,345
123,124,134,125,2345
123,124,134,235
123,124,134,235,245
123,124,134,235,245,345
123,124,134,2345
123,124,125
123,124,125,345
123,124,125,1345
123,124,125,1345,2345
123,124,135
123,124,135,145
123,124,135,145,2345
123,124,135,245
123,124,135,245,345
123,124,135,2345
123,124,345
123,124,1345
123,124,1345,2345
123,145
123,145,2345
123,1245
123,1245,1345
123,1245,1345,2345
1234,1235
1234,1235,1245
1234,1235,1245,1345
1234,1235,1245,1345,2345
12345
