1 (180) 1 1
2 (176) 1 1
3 (173) 1 1
4 (177) 1 1
5 (158) 1 1
6 (169) 5/6 2/3
7 (174) 1 1
8 (178) 1 1
9 (131) 1 1
10 (160) 5/6 2/3
11 (162) 5/6 2/3
12 (171) 1 1
13 (143) 5/6 2/3
14 (163) 1 1
15 (118) 1 1
16 (144) 1 1
17 (93) 1 1
18 (119) 1 1
19 (145) 1 1
20 (59) 1 1
21 (157) 5/6 2/3
22 (170) 5/7 2/3
23 (175) 1 1
24 (179) 1 1
25 (129) 5/6 2/3
26 (132) 1 1
27 (161) 5/7 2/3
28 (167) 5/7 2/3
29 (172) 1 1
30 (153) 5/7
31 (154) 5/6 2/3
32 (168) 5/7 2/3
33 (133) 5/7 2/3
34 (99) 5/6 2/3
35 (164) 5/6 2/3
36 (125) 5/6 2/3
37 (149) 5/6 2/3
38 (126) 10/13 2/3
39 (165) 5/7 2/3
40 (150) 5/7
41 (155) 5/6 2/3
42 (105) 5/6 2/3
43 (134) 5/6 2/3
44 (156) 1 1
45 (79) 5/6 2/3
46 (106) 1 1
47 (135) 1 1
48 (68) 5/7 3/5
49 (96) 5/6 2/3
50 (121) 5/6 2/3
51 (146) 5/6 2/3
52 (122) 5/6 2/3
53 (152)
54 (159) 5/7 2/3
55 (147) 5/6 2/3
56 (87) 5/7 3/5
57 (112) 5/6 2/3
58 (139) 5/6 2/3
60 (60) 5/7 3/5
61 (97) 5/6 2/3
62 (128) 5/6 2/3
63 (130) 1 1
64 (124) 5/6 2/3
65 (65) 5/7 3/5
66 (94) 5/6 2/3
67 (120) 5/6 2/3
69 (117) 5/7 2/3
70 (142) 5/7 2/3
71 (127) 5/6 2/3
72 (166) 2/3 2/3
73 (151)
74 (90) 5/7 3/5
75 (114) 5/7 2/3
76 (140) 5/7 2/3
77 (116) 5/6 2/3
78 (100) 5/6 2/3
80 (148)
81 (81) 5/7 3/5
82 (107)
83 (136)
84 (84) 5/7 3/5
85 (111) 5/6 2/3
86 (123)
88 (88)
89 (113)
91 (101) 5/6 2/3
92 (98) 1 1
95 (95) 1 1
102 (115) 1 1
103 (141) 1 1
104 (104) 1 1
108 (108) 1 1
109 (137) 1 1
110 (110) 1 1
138 (138) 1 1