12,13,23,14,24,15,35 1,34,25,45
123,124,135,2345 134,234,125,235,145,245,345
123,124,135,2345 12,134,234,235,145,245,345
123,124,135,2345 134,234,235,145,245,345
123,124,135,2345 12,234,235,145,245,345
123,124,135,2345 234,235,145,245,345
123,124,135,2345 134,234,15,235,245,345
123,124,135,2345 12,14,234,15,235,245,345
123,124,135,2345 14,234,15,235,245,345
123,124,135,2345 12,14,234,235,245,345
123,124,135,2345 14,234,235,245,345
123,124,135,2345 134,234,125,235,145,245
123,124,135,2345 13,234,125,235,145,245
123,124,135,2345 12,134,234,235,145,245
123,124,135,2345 134,234,235,145,245
123,124,135,2345 13,234,235,145,245
123,124,135,2345 234,235,145,245
123,124,135,2345 134,234,15,235,245
123,124,135,2345 13,14,234,15,235,245
123,124,135,2345 14,234,15,235,245
123,124,135,2345 13,234,15,235,245
123,124,135,2345 234,15,235,245
123,124,135,2345 34,15,235,245
123,124,135,2345 134,234,125,235,45
123,124,135,2345 12,134,234,15,235,45
123,124,135,2345 12,134,234,235,45
123,124,135,2345 14,234,235,45
123,124,345 34,25,135,145
12,13,23,14,25,45 1,24,34,35
123,124,135,245 12,134,234,235,145,345
123,124,135,245 14,234,125,235,345
123,124,135,245 12,14,234,15,235,345
123,124,135,245 14,234,15,235,345
123,124,135,245 12,14,234,235,345
123,124,135,245 14,234,235,345
123,124,135,245 23,134,15,345
123,124,135,245 12,134,234,15,235,45
123,124,135,245 12,134,234,235,45
123,124,135,245 14,234,235,45
12,13,24,34,235,145 23,14,15,25,35
123,124,134,234,125,345 12,24,34,135,235,145
123,124,134,234,125,345 12,34,135,235,145
12,13,24,235,145 23,14,15,25,345
12,13,24,235,145 23,15,25,345
12,13,24,235,145 2,14,15,345
12,13,24,235,145 23,14,34,15,25,35,45
12,13,24,235,145 23,34,15,25,35,45
12,13,24,235,145 23,14,15,25,35,45
12,13,24,235,145 2,14,34,15,35,45
12,13,24,235,145 23,14,34,15,25,35
12,13,24,235,145 14,34,15,25,35
12,13,24,235,145 23,34,15,25,35
12,13,24,235,145 23,14,15,25,35
12,13,24,235,145 1,23,34,25,35
12,13,24,235,145 2,14,34,15,35
12,13,24,235,145 23,34,15,25
12,13,24,235,145 2,14,34,15
12,134,234,135,245 13,24,235,145,345
12,134,234,135,245 13,235,145,345
12,134,234,135,245 13,14,24,15,235,345
12,134,234,135,245 14,24,15,235,345
12,134,234,135,245 24,15,235,345
12,134,234,135,245 13,14,24,235,345
12,134,234,135,245 14,24,235,345
12,13,24,235,145,345 23,14,34,15,25,35,45
12,13,24,235,145,345 23,34,15,25,35,45
12,13,24,235,145,345 23,14,15,25,35,45
12,13,24,235,145,345 2,14,34,15,35,45
12,13,24,235,145,345 23,14,34,15,25,35
12,13,24,235,145,345 14,34,15,25,35
12,13,24,235,145,345 23,34,15,25,35
12,13,24,235,145,345 23,14,15,25,35
12,13,24,235,145,345 1,23,34,25,35
12,13,24,235,145,345 2,14,34,15,35
12,13,24,235,145,345 23,34,15,25
12,13,24,235,145,345 2,14,34,15
123,124,134,234,125,135,245 12,13,24,235,145,345
123,124,134,234,125,135,245 13,24,235,145,345
12,13,234,145,245 14,24,15,235,345
12,13,234,145,245 14,24,235,345
12,13,234,145,245 23,14,24,15,25,345
12,13,234,145,245 23,24,15,25,345
12,13,234,145,245 23,14,15,25,345
12,13,234,145,245 23,15,25,345
12,13,234,145,245 23,14,24,25,345
12,13,234,145,245 1,23,24,25,345
12,13,234,145,245 23,14,24,15,345
12,13,234,145,245 23,24,15,345
12,13,234,145,245 23,14,24,345
12,13,234,145,245 1,23,24,345
12,13,234,235,145,245 23,14,24,15,25,345
12,13,234,235,145,245 23,14,24,25,345
12,13,234,235,145,245 1,23,24,25,345
12,13,234,235,145,245 23,14,24,15,345
12,13,234,235,145,245 23,24,15,345
12,13,234,235,145,245 23,14,24,345
12,13,234,235,145,245 1,23,24,345
12,134,234,135,235,145 13,23,14,15,245,345
12,134,234,135,235,145 13,23,14,245,345
12,134,234,135,235,145 13,23,245,345
12,13,23,14,24,15,345 1,34,25,35,45
12,13,23,14,24,15,345 1,34,25,35
123,124,134,125,2345 12,234,135,235,145,245,345
123,124,134,125,2345 12,234,15,235,245,345
123,124,134,125,2345 234,15,235,245,345
123,124,134,125,2345 12,234,135,235,145,345
123,124,134,125,2345 12,234,15,235,345
123,124,134,125,2345 234,15,235,345
123,124,134,125,2345 24,15,235,345
123,124,134,125,2345 12,234,135,235,145,245
123,124,134,125,2345 12,234,135,235,145
123,124,134,125,2345 12,14,234,135,235,45
123,124,134,125,2345 12,234,135,235,45
123,124,134,125,2345 234,15,235,45
12,13,23,14,25,345 24,34,15,35,45
12,13,23,14,25,345 1,24,34,35,45
12,13,23,14,25,345 24,34,15,35
12,13,23,14,25,345 1,24,34,35
123,124,134,125,235 12,234,135,145,245,345
123,124,134,125,235 12,24,135,145,345
123,124,134,125,235 24,135,145,345
123,124,134,125,235 13,24,145,345
123,124,134,125,235 12,234,135,145,245
123,124,134,125,235 12,13,234,35,145,245
123,124,134,125,235 12,234,35,145,245
123,124,134,125,235 24,34,135,145
12,13,14,234,25,35 23,24,34,15,45
12,13,14,234,25,35 1,23,24,34,45
12,13,14,234,25,35 1,23,24,45
123,124,134,125,345 12,234,135,235,145,245
123,124,134,125,345 12,34,135,235,145,245
123,124,134,125,345 12,234,135,235,145
123,124,134,125,345 12,24,34,135,235,145
123,124,134,125,345 12,34,135,235,145
12,13,24,35,145 23,14,34,15,25,45
12,13,24,35,145 14,34,15,25,45
12,13,24,35,145 1,23,34,25,45
12,13,24,35,145 23,14,34,15,45
12,13,24,35,145 2,14,34,15,45
12,13,24,35,145 1,23,34,25
123,124,134,125,235,345 12,234,135,145,245
123,124,134,125,235,345 12,13,234,35,145,245
123,124,134,125,235,345 12,234,35,145,245
12,13,14,234,15 1,23,25,35,45
12,13,14,234,15 1,24,25,35
12,13,234,145 23,14,15,35,245
12,13,234,145 14,24,34,25,35,45
12,13,234,145 1,24,34,25,35,45
12,13,234,145 14,24,25,35,45
12,13,234,145 1,24,25,35,45
12,13,234,145 14,25,35,45
12,13,234,145 14,24,34,25,35
12,13,234,145 1,24,34,25,35
12,13,234,145 14,24,25,35
12,13,234,145 1,24,25,35
12,13,234,145 14,25,35
12,13,14,235 34,15,35,245
12,13,14,235 1,34,35,245
12,13,14,235 24,34,15,25,35,45
12,13,14,235 1,24,34,25,35,45
12,13,14,235 24,34,15,25,45
12,13,14,235 1,24,34,25,45
12,13,14,235 24,34,15,25,35
12,13,14,235 1,24,34,25,35
12,13,14,235 24,34,15,25
12,13,14,235 1,24,34,25
12,13,24,235 23,14,15,25,345
12,13,24,235 14,15,25,345
12,13,234,235,145 1,24,34,25,35,45
12,13,234,235,145 1,24,34,25,35
12,13,23,14,24,15 1,34,25,35
123,124,134,235 23,15,245,345
12,13,23,14,15 1,34,25,45
123,124,135,145,2345 34,125,235,245
123,124,135,145,2345 134,234,15,235,245
123,124,135,145,2345 13,14,234,15,235,245
123,124,135,145,2345 13,234,15,235,245
123,124,135,145,2345 234,15,235,245
123,124,135,145,2345 12,34,15,235,245
123,124,135,145,2345 12,34,235,245
123,124,135,145,2345 134,234,125,235,45
123,124,135,145,2345 12,134,234,15,235,45
123,124,135,145,2345 12,134,234,235,45
123,124,135,145,2345 14,234,235,45
12,13,23,14,15,245 1,34,25,45
12,13,23,14,15,245 1,24,34,35
12,134,135,2345 13,234,15,245,345
12,134,135,2345 234,15,245,345
12,134,135,2345 13,234,25,145,345
12,134,135,2345 13,14,234,15,25,345
12,134,135,2345 13,234,15,25,345
123,124,134,125,135,2345 23,145,245,345
123,124,134,125,135,2345 12,234,15,245,345
123,124,134,125,135,2345 234,15,245,345
123,124,134,125,135,2345 23,14,15,245,345
123,124,134,125,135,2345 23,14,245,345
123,124,134,125,135,2345 12,13,234,35,145,245
123,124,134,125,135,2345 12,234,35,145,245
123,124,134,125,135,2345 234,15,35,245
123,124,134,235,245 12,234,135,145,345
123,124,134,235,245 12,23,24,135,145,345
123,124,134,235,245 12,23,135,145,345
123,124,134,235,245 12,135,145,345
123,124,134,235,245 23,14,24,125,135,345
123,124,134,235,245 23,14,125,135,345
123,124,134,235,245 12,14,135,345
123,124,134,235,245 12,34,135,145
12,134,234,135 13,14,235,245,345
12,134,234,135 14,235,245,345
12,134,234,135 13,24,235,145,345
12,134,234,135 24,235,145,345
12,134,234,135 13,14,24,15,235,345
12,134,234,135 14,24,15,235,345
12,134,234,135 13,14,24,235,345
12,134,234,135 14,24,235,345
123,124,134,234,125,135 12,14,235,245,345
123,124,134,234,125,135 14,235,245,345
123,124,134,234,125,135 23,14,245,345
123,124,134,234,125,135 12,13,34,235,145,245
123,124,134,234,125,135 12,34,235,145,245
123,124,134,234,125,135 14,34,235,245
12,13,23,145 1,24,34,25,35,45
12,13,23,145 1,24,34,25,35
12,13,14,234,15,235 1,34,25,45
12,13,14,234,15,235 1,23,24,34,45
12,13,14,234,15,235 1,23,24,45
12,13,14,234,15,235,245 1,24,34,35
12,134,135,145,2345 13,14,234,15,25,345
12,134,135,145,2345 13,234,15,25,345
12,134,135,145,2345 234,15,25,345
12,134,135,245 13,14,234,15,25,345
12,134,135,245 13,234,15,25,345
12,134,234,135,145 13,14,24,15,235,345
12,134,234,135,145 14,24,15,235,345
12,134,234,135,145 13,14,24,235,345
12,134,234,135,145 14,24,235,345
12,13,14,25 1,24,34,35
12,13,14,25,35 1,23,24,45
12,13,14,25,345 23,24,15,35,45
12,13,14,25,345 1,23,24,35,45
12,13,14,25,345 23,24,15,35
12,13,14,25,345 1,24,34,35
12,13,14,25,345 1,23,24,35
12,13,14,235,245 23,15,25,345
12,13,14,235,245 1,23,25,345
12,13,14,235,245 23,34,15,25,35,45
12,13,14,235,245 1,23,34,25,35,45
12,13,14,235,245 24,34,15,25,35
12,13,14,235,245 23,34,15,25,35
12,13,14,235,245 1,24,34,25,35
12,13,14,235,245 1,23,34,25,35
12,13,14,235,245 24,34,15,35
12,13,14,235,245 1,24,34,35
12,13,14,235,245 23,34,15,25
12,13,14,235,245 1,23,34,25
12,13,145,245 14,234,15,25,345
12,13,145,245 234,15,25,345
12,13,145,245 23,14,24,15,25,345
12,13,145,245 23,14,24,25,345
12,13,145,245 1,23,24,25,345
12,13,145,245 23,14,24,15,345
12,13,145,245 23,14,24,345
12,13,145,245 23,14,24,34,35,45
12,13,145,245 1,23,24,34,35,45
12,13,145,245 23,34,15,25,45
12,13,145,245 1,23,34,25,45
12,13,145,245 23,14,24,34,35
12,13,145,245 1,23,24,34,35
12,13,145,245 23,34,15,25
12,13,145,245 1,23,34,25
12,13,14,235,245,345 24,34,15,25,35
12,13,14,235,245,345 1,24,34,25,35
12,13,14,235,245,345 23,34,15,25
12,13,14,235,245,345 1,23,34,25
