28 1
167 1
167 2
167 3
167 5
167 6
167 30
167 32
167 33
167 38
167 39
167 102
167 103
167 110
167 111
167 113
167 115
167 222
167 224
167 226
167 228
167 230
167 240
167 688
167 689
167 694
167 699
168 90
39 2
165 7
165 21
165 38
165 39
165 68
165 69
165 157
165 283
165 329
165 334
70 4
142 4
142 5
75 1
75 2
75 5
75 16
75 17
75 19
75 23
75 46
75 47
75 48
75 50
75 58
75 73
75 112
75 121
114 1
114 2
114 4
114 5
114 7
114 12
114 13
76 1
76 2
76 4
76 8
76 31
76 32
76 33
76 35
76 43
76 58
76 97
76 106
140 1
140 2
88 1
88 5
88 11
88 13
88 15
88 17
88 19
88 21
88 31
88 33
88 41
88 43
82 1
82 3
82 5
82 9
82 11
82 16
82 18
107 1
107 5
107 9
30 1
30 13
153 1
153 17
153 18
153 39
153 92
153 93
153 101
153 298
153 355
153 415
153 417
153 442
40 1
40 2
40 28
40 29
150 1
150 27
150 28
150 63
150 197
150 199
150 201
150 252
53 1
53 10
53 14
152 1
152 3
152 58
152 60
152 62
73 1
73 2
73 5
73 9
73 10
73 45
151 1
151 3
151 5
48 17
48 35
87 30
87 99
87 102
87 105
87 108
87 111
87 244
87 247
87 250
87 253
87 256
65 12
65 19
65 45
65 54
65 66
65 79
65 129
65 140
65 156
65 172
74 6
74 7
81 45
81 124
25 19
154 51
34 15
164 19
164 24
164 26
164 28
164 30
164 34
164 53
164 63
164 64
164 69
164 74
36 19
36 45
125 18
125 19
125 41
125 66
125 68
149 9
149 27
149 28
149 31
149 44
149 60
149 62
149 114
155 13
155 15
155 17
155 19
155 24
155 28
155 66
155 233
105 11
105 12
105 34
105 35
105 56
105 57
105 64
105 65
134 17
134 18
134 37
134 49
134 51
134 110
45 24
45 72
49 29
49 37
49 41
50 27
121 13
121 14
121 15
122 28
122 30
112 8
112 9
112 16
112 17
61 61
62 17
64 6
64 20
64 34
64 46
64 54
66 3
66 9
66 30
66 39
66 78
66 79
66 91
66 93
66 111
66 127
66 153
66 165
94 5
94 6
94 7
94 12
94 14
94 20
94 30
94 74
94 76
94 97
94 113
94 220
94 222
94 243
94 259
67 18
67 29
67 45
67 57
